0, 2020-03-19 2229 438 155 519;
1, 2020-03-20 1256 242 83 317;
2, 2020-03-21 1540 298 115 368;
3, 2020-03-22 1534 309 124 315;
4, 2020-03-23 2053 448 189 377;
5, 2020-03-24 2618 571 244 743;
6, 2020-03-25 3166 607 293 834;
7, 2020-03-26 3097 612 318 888;
8, 2020-03-27 3059 608 307 814;
9, 2020-03-28 3353 695 326 969;
10, 2020-03-29 2685 543 295 543;
11, 2020-03-30 3108 694 423 861;
12, 2020-03-31 4146 767 526 1589;
13, 2020-04-01 4281 771 516 1647;
14, 2020-04-02 3845 728 524 1577;
15, 2020-04-03 3627 640 606 1655;
16, 2020-04-04 2822 502 448 1495;
17, 2020-04-05 1931 390 361 773;
18, 2020-04-06 2754 478 613 1133;
19, 2020-04-07 3277 518 607 2161;
20, 2020-04-08 3139 482 562 2022;
21, 2020-04-09 2990 369 424 2032;
22, 2020-04-10 3161 431 578 1967;
23, 2020-04-11 2044 255 353 1527;
24, 2020-04-12 1688 220 315 825;
25, 2020-04-13 1257 227 343 551;
26, 2020-04-14 1965 275 559 1125;
27, 2020-04-15 2415 284 524 2224;
28, 2020-04-16 2084 270 435 1925;
29, 2020-04-17 2166 242 428 1720;
30, 2020-04-18 1565 206 368 1605;
31, 2020-04-19 890 137 231 622;
32, 2020-04-20 1464 208 450 933;
33, 2020-04-21 1885 190 404 1875;
34, 2020-04-22 1619 183 349 1587;
35, 2020-04-23 1410 178 320 1531;
36, 2020-04-24 1346 155 312 1464;
37, 2020-04-25 999 124 207 1166;
38, 2020-04-26 481 79 152 318;
39, 2020-04-27 964 125 300 736;
40, 2020-04-28 1321 153 328 1491;
41, 2020-04-29 1070 110 251 1430;
42, 2020-04-30 1048 121 207 1327;
43, 2020-05-01 668 73 138 862;
44, 2020-05-02 453 64 120 381;
45, 2020-05-03 345 80 101 245;
46, 2020-05-04 689 84 245 619;
47, 2020-05-05 987 111 244 1435;
48, 2020-05-06 833 69 181 1298;
49, 2020-05-07 728 99 159 1291;
50, 2020-05-08 510 89 118 817;
51, 2020-05-09 265 38 77 274;
52, 2020-05-10 253 38 70 212;
53, 2020-05-11 523 82 184 560;
54, 2020-05-12 670 92 194 1118;
55, 2020-05-13 543 69 105 943;
56, 2020-05-14 542 52 126 970;
57, 2020-05-15 438 64 120 892;
58, 2020-05-16 350 46 78 652;
59, 2020-05-17 152 24 54 159;
60, 2020-05-18 375 38 123 548;
61, 2020-05-19 506 69 140 882;
62, 2020-05-20 432 43 102 823;
63, 2020-05-21 271 28 58 530;
64, 2020-05-22 263 36 75 373;
65, 2020-05-23 233 30 47 361;
66, 2020-05-24 121 24 36 80;
67, 2020-05-25 342 45 93 609;
68, 2020-05-26 318 37 92 718;
69, 2020-05-27 271 32 67 736;
70, 2020-05-28 253 36 69 621;
71, 2020-05-29 255 29 63 656;
72, 2020-05-30 227 29 57 486;
73, 2020-05-31 72 18 35 93;
74, 2020-06-01 89 9 31 95;
75, 2020-06-02 229 33 85 402;
76, 2020-06-03 250 26 85 668;
77, 2020-06-04 195 23 46 544;
78, 2020-06-05 213 19 47 548;
79, 2020-06-06 143 15 35 309;
80, 2020-06-07 37 4 13 39;
81, 2020-06-08 145 23 55 245;
82, 2020-06-09 169 15 53 463;
83, 2020-06-10 130 23 34 337;
84, 2020-06-11 143 26 28 322;
85, 2020-06-12 136 18 33 440;
86, 2020-06-13 68 14 24 247;
87, 2020-06-14 33 6 9 51;
88, 2020-06-15 114 12 30 198;
89, 2020-06-16 143 14 42 317;
90, 2020-06-17 116 14 30 345;
91, 2020-06-18 136 15 29 236;
92, 2020-06-19 116 10 14 246;
93, 2020-06-20 90 7 19 206;
94, 2020-06-21 48 5 7 60;
95, 2020-06-22 142 16 23 242;
96, 2020-06-23 117 15 26 286;
97, 2020-06-24 97 8 13 272;
98, 2020-06-25 124 15 21 239;
99, 2020-06-26 87 15 26 309;
100, 2020-06-27 55 9 15 167;
101, 2020-06-28 44 4 2 30;
102, 2020-06-29 102 15 18 161;
103, 2020-06-30 152 8 21 282;
104, 2020-07-01 106 17 19 278;
105, 2020-07-02 93 12 16 254;
106, 2020-07-03 125 12 18 267;
107, 2020-07-04 47 4 13 118;
108, 2020-07-05 21 5 2 20;
109, 2020-07-06 98 10 13 130;
110, 2020-07-07 127 21 35 337;
111, 2020-07-08 83 18 34 345;
112, 2020-07-09 79 8 15 180;
113, 2020-07-10 136 9 25 221;
114, 2020-07-11 57 7 6 83;
115, 2020-07-12 26 5 1 32;
116, 2020-07-13 68 10 18 100;
117, 2020-07-14 61 7 6 84;
118, 2020-07-15 133 16 20 140;
119, 2020-07-16 119 23 18 218;
120, 2020-07-17 119 17 14 213;
121, 2020-07-18 68 6 8 90;
122, 2020-07-19 36 4 1 65;
123, 2020-07-20 137 18 16 148;
124, 2020-07-21 109 12 13 196;
125, 2020-07-22 132 17 7 225;
126, 2020-07-23 123 13 14 519;
127, 2020-07-24 126 16 13 345;
128, 2020-07-25 86 8 8 116;
129, 2020-07-26 36 1 1 34;
130, 2020-07-27 118 25 9 127;
131, 2020-07-28 172 22 15 236;
132, 2020-07-29 118 14 15 191;
133, 2020-07-30 116 14 16 174;
134, 2020-07-31 152 16 11 216;
135, 2020-08-01 77 11 6 149;
136, 2020-08-02 25 3 1 13;
137, 2020-08-03 142 29 22 142;
138, 2020-08-04 139 21 11 156;
139, 2020-08-05 137 15 9 144;
140, 2020-08-06 141 21 7 211;
141, 2020-08-07 136 20 12 168;
142, 2020-08-08 73 12 2 59;
143, 2020-08-09 14 4 0 5;
144, 2020-08-10 180 28 14 151;
145, 2020-08-11 191 21 15 194;
146, 2020-08-12 143 17 18 241;
147, 2020-08-13 201 25 17 203;
148, 2020-08-14 173 20 19 191;
149, 2020-08-15 87 15 4 49;
150, 2020-08-16 33 2 1 29;
151, 2020-08-17 234 34 19 148;
152, 2020-08-18 185 28 17 255;
153, 2020-08-19 162 31 17 161;
154, 2020-08-20 149 28 12 187;
155, 2020-08-21 210 37 23 189;
156, 2020-08-22 114 10 12 139;
157, 2020-08-23 29 6 1 24;
158, 2020-08-24 233 43 15 232;
159, 2020-08-25 265 49 22 334;
160, 2020-08-26 215 21 19 242;
161, 2020-08-27 225 32 15 225;
162, 2020-08-28 241 32 19 204;
163, 2020-08-29 135 28 6 127;
164, 2020-08-30 23 5 4 13;
165, 2020-08-31 254 45 29 163;
166, 2020-09-01 300 54 19 252;
167, 2020-09-02 317 57 26 258;
168, 2020-09-03 307 55 21 252;
169, 2020-09-04 292 46 19 247;
170, 2020-09-05 168 23 12 137;
171, 2020-09-06 66 8 3 29;
172, 2020-09-07 448 83 25 236;
173, 2020-09-08 490 86 39 402;
174, 2020-09-09 386 71 30 304;
175, 2020-09-10 352 54 19 229;
176, 2020-09-11 447 64 40 332;
177, 2020-09-12 243 51 17 180;
178, 2020-09-13 98 18 6 40;
179, 2020-09-14 545 104 34 247;
180, 2020-09-15 642 117 37 397;
181, 2020-09-16 649 100 46 450;
182, 2020-09-17 599 81 50 514;
183, 2020-09-18 850 100 123 754;
184, 2020-09-19 470 73 26 753;
185, 2020-09-20 139 24 12 266;
186, 2020-09-21 754 143 53 440;
187, 2020-09-22 783 130 68 538;
188, 2020-09-23 649 124 43 459;
189, 2020-09-24 613 124 53 456;
190, 2020-09-25 661 129 56 496;
191, 2020-09-26 503 89 41 422;
192, 2020-09-27 241 47 27 126;
193, 2020-09-28 619 137 81 356;
194, 2020-09-29 698 165 59 565;
195, 2020-09-30 650 135 64 482;
196, 2020-10-01 626 142 63 485;
197, 2020-10-02 721 120 48 527;
198, 2020-10-03 532 103 49 463;
199, 2020-10-04 418 91 32 148;
200, 2020-10-05 710 152 70 316;
201, 2020-10-06 829 168 65 636;
202, 2020-10-07 789 143 80 545;
203, 2020-10-08 711 114 77 524;
204, 2020-10-09 848 150 62 534;
205, 2020-10-10 694 110 54 495;
206, 2020-10-11 503 73 46 184;
207, 2020-10-12 976 171 96 417;
208, 2020-10-13 1168 226 87 802;
209, 2020-10-14 1133 193 104 755;
210, 2020-10-15 1207 219 88 687;
211, 2020-10-16 1225 212 122 637;
212, 2020-10-17 986 175 90 506;
213, 2020-10-18 835 147 85 245;
214, 2020-10-19 1424 269 146 517;
215, 2020-10-20 1943 278 163 923;
216, 2020-10-21 1754 284 166 825;
217, 2020-10-22 1998 262 165 974;
218, 2020-10-23 2091 299 184 908;
219, 2020-10-24 1667 233 138 845;
220, 2020-10-25 1298 191 116 344;
221, 2020-10-26 2314 357 258 712;
222, 2020-10-27 2988 431 292 1407;
223, 2020-10-28 2821 372 244 1304;
224, 2020-10-29 2607 395 250 1364;
225, 2020-10-30 2563 422 256 1293;
226, 2020-10-31 2274 339 224 1125;
227, 2020-11-01 1883 289 231 651;
228, 2020-11-02 2547 430 418 924;
229, 2020-11-03 3311 469 430 1667;
230, 2020-11-04 3681 540 394 1995;
231, 2020-11-05 2989 447 367 1688;
232, 2020-11-06 3140 434 405 2100;
233, 2020-11-07 2458 394 306 1663;
234, 2020-11-08 1814 323 271 693;
235, 2020-11-09 2670 484 551 1162;
236, 2020-11-10 3168 472 472 2251;
237, 2020-11-11 2588 351 329 1826;
238, 2020-11-12 2371 386 418 1255;
239, 2020-11-13 2841 473 467 2266;
240, 2020-11-14 2202 327 359 2026;
241, 2020-11-15 1574 270 302 685;
242, 2020-11-16 2065 366 508 1117;
243, 2020-11-17 2513 382 437 2326;
244, 2020-11-18 2435 361 427 2294;
245, 2020-11-19 2221 311 436 2230;
246, 2020-11-20 1968 264 386 1970;
247, 2020-11-21 1515 220 276 1687;
248, 2020-11-22 906 171 215 513;
249, 2020-11-23 1380 244 501 960;
250, 2020-11-24 1786 270 457 2135;
251, 2020-11-25 1677 258 384 1929;
252, 2020-11-26 1460 192 340 1729;
253, 2020-11-27 1471 206 396 1720;
254, 2020-11-28 976 122 213 1237;
255, 2020-11-29 652 102 198 306;
256, 2020-11-30 1257 196 408 888;
257, 2020-12-01 1572 234 365 1768;
258, 2020-12-02 1253 161 312 1549;
259, 2020-12-03 1450 184 326 1403;
260, 2020-12-04 1400 165 284 1434;
261, 2020-12-05 1019 125 216 1041;
262, 2020-12-06 627 101 175 236;
263, 2020-12-07 1206 203 366 706;
264, 2020-12-08 1597 214 380 1620;
265, 2020-12-09 1380 170 296 1423;
266, 2020-12-10 1445 191 297 1438;
267, 2020-12-11 1340 180 306 1241;
268, 2020-12-12 1097 127 199 875;
269, 2020-12-13 669 89 150 266;
270, 2020-12-14 1324 210 372 693;
271, 2020-12-15 1562 211 314 1476;
272, 2020-12-16 1664 220 292 1263;
273, 2020-12-17 1364 151 261 1233;
274, 2020-12-18 1285 176 264 1188;
275, 2020-12-19 1004 123 190 916;
276, 2020-12-20 599 91 131 245;
277, 2020-12-21 1284 179 354 690;
278, 2020-12-22 1783 256 386 1621;
279, 2020-12-23 1426 200 278 1235;
280, 2020-12-24 1454 187 292 1390;
281, 2020-12-25 743 112 159 808;
282, 2020-12-26 513 101 146 289;
283, 2020-12-27 589 107 175 239;
284, 2020-12-28 1217 229 364 806;
285, 2020-12-29 1627 251 388 1138;
286, 2020-12-30 1404 209 304 1266;
287, 2020-12-31 1317 177 252 1188;
288, 2021-01-01 677 99 133 687;
289, 2021-01-02 646 101 157 285;
290, 2021-01-03 657 101 116 224;
291, 2021-01-04 1262 246 380 672;
292, 2021-01-05 1747 245 346 1474;
293, 2021-01-06 1438 234 291 1265;
294, 2021-01-07 1441 181 277 1362;
295, 2021-01-08 1445 245 281 1230;
296, 2021-01-09 944 143 171 885;
297, 2021-01-10 729 118 151 286;
298, 2021-01-11 1289 208 310 687;
299, 2021-01-12 1660 258 362 1362;
300, 2021-01-13 1588 208 232 1290;
301, 2021-01-14 1691 206 283 1143;
302, 2021-01-15 1634 249 288 1303;
303, 2021-01-16 1199 188 196 1007;
304, 2021-01-17 698 136 141 291;
305, 2021-01-18 1666 254 404 882;
306, 2021-01-19 1995 315 373 1622;
307, 2021-01-20 1911 292 316 1461;
308, 2021-01-21 1759 253 358 1327;
309, 2021-01-22 1861 270 323 1308;
310, 2021-01-23 1174 172 231 928;
311, 2021-01-24 918 175 172 246;
312, 2021-01-25 1773 299 449 769;
313, 2021-01-26 2006 343 352 1486;
314, 2021-01-27 1933 318 351 1441;
315, 2021-01-28 1726 272 348 1362;
316, 2021-01-29 1823 271 356 1304;
317, 2021-01-30 1176 192 242 942;
318, 2021-01-31 816 148 195 298;
319, 2021-02-01 1750 318 456 939;
320, 2021-02-02 2189 369 404 1601;
321, 2021-02-03 1882 275 358 1592;
322, 2021-02-04 1752 275 360 1537;
323, 2021-02-05 1719 255 296 1590;
324, 2021-02-06 1126 168 191 1147;
325, 2021-02-07 790 160 171 291;
326, 2021-02-08 1893 356 460 1043;
327, 2021-02-09 1931 334 439 1764;
328, 2021-02-10 1525 282 297 1430;
329, 2021-02-11 1618 269 371 1673;
330, 2021-02-12 1405 264 320 1561;
331, 2021-02-13 1085 191 199 1089;
332, 2021-02-14 651 113 167 280;
333, 2021-02-15 1431 306 413 934;
334, 2021-02-16 1857 323 352 1740;
335, 2021-02-17 1559 311 311 1525;
336, 2021-02-18 1490 262 272 1411;
337, 2021-02-19 1543 309 328 1422;
338, 2021-02-20 1029 195 183 1076;
339, 2021-02-21 593 141 160 217;
340, 2021-02-22 1529 274 334 823;
341, 2021-02-23 1780 345 314 1575;
342, 2021-02-24 1636 319 278 1396;
343, 2021-02-25 1454 301 261 1444;
344, 2021-02-26 1634 303 286 1488;
345, 2021-02-27 1007 208 186 938;
346, 2021-02-28 728 164 122 297;
347, 2021-03-01 1393 347 379 857;
348, 2021-03-02 1705 366 301 1541;
349, 2021-03-03 1622 322 326 1413;
350, 2021-03-04 1538 293 295 1424;
351, 2021-03-05 1397 324 239 1255;
352, 2021-03-06 1097 233 173 998;
353, 2021-03-07 720 187 130 389;
354, 2021-03-08 1584 381 360 840;
355, 2021-03-09 1810 421 299 1471;
356, 2021-03-10 1574 343 266 1513;
357, 2021-03-11 1609 385 266 1414;
358, 2021-03-12 1448 306 228 1262;
359, 2021-03-13 1087 263 174 968;
360, 2021-03-14 821 188 140 351;
361, 2021-03-15 1676 401 333 824;
362, 2021-03-16 2005 435 320 1622;
363, 2021-03-17 1745 357 246 1638;
364, 2021-03-18 1661 382 273 1297;
365, 2021-03-19 1699 383 297 1426;
366, 2021-03-20 1348 317 185 955;
367, 2021-03-21 926 196 138 385;
368, 2021-03-22 1902 471 344 955;
369, 2021-03-23 2286 488 292 1669;
370, 2021-03-24 2130 384 248 1710;
371, 2021-03-25 1860 408 228 1432;
372, 2021-03-26 2048 476 304 1480;
373, 2021-03-27 1567 332 194 1299;
374, 2021-03-28 1017 238 131 404;
375, 2021-03-29 2099 484 362 1091;
376, 2021-03-30 2579 569 337 2011;
377, 2021-03-31 2209 472 304 1865;
378, 2021-04-01 2035 480 313 1561;
379, 2021-04-02 2092 505 301 1614;
380, 2021-04-03 1730 399 187 1348;
381, 2021-04-04 1224 270 185 562;
382, 2021-04-05 1219 284 197 448;
383, 2021-04-06 2459 632 409 1273;
384, 2021-04-07 3131 673 433 2388;
385, 2021-04-08 2156 498 345 2116;
386, 2021-04-09 2120 498 301 1986;
387, 2021-04-10 1649 388 210 1481;
388, 2021-04-11 1305 286 178 656;
389, 2021-04-12 2172 492 385 1168;
390, 2021-04-13 2501 555 324 2153;
391, 2021-04-14 2072 441 297 2115;
392, 2021-04-15 2062 501 300 1899;
393, 2021-04-16 2044 463 309 1900;
394, 2021-04-17 1471 359 189 1380;
395, 2021-04-18 1111 233 140 488;
396, 2021-04-19 2066 502 449 1170;
397, 2021-04-20 2404 601 375 2074;
398, 2021-04-21 2095 476 316 1886;
399, 2021-04-22 1878 478 285 1881;
400, 2021-04-23 1932 436 309 1783;
401, 2021-04-24 1368 348 220 1449;
402, 2021-04-25 881 218 145 527;
403, 2021-04-26 1944 470 400 1218;
404, 2021-04-27 2109 484 338 2042;